  0.0000000E+00  7.8332014E+00  1.6611097E+01  2.7472645E+01  4.2049377E+01  6.3085907E+01  9.6008446E+01  1.5348181E+02  2.7019998E+02  0.0000000E+00
  0.0000000E+00  1.4721708E+01  3.1138540E+01  5.1230103E+01  7.7638969E+01  1.1428582E+02  1.6746605E+02  2.4771880E+02  3.7176285E+02  0.0000000E+00
  0.0000000E+00  1.9915092E+01  4.1991257E+01  6.8670258E+01  1.0299056E+02  1.4895235E+02  2.1185110E+02  2.9816449E+02  4.1357700E+02  0.0000000E+00
  0.0000000E+00  2.2947401E+01  4.8241135E+01  7.8469116E+01  1.1670067E+02  1.6668192E+02  2.3282155E+02  3.1951105E+02  4.2882504E+02  0.0000000E+00
  0.0000000E+00  2.3633379E+01  4.9556759E+01  8.0264412E+01  1.1866108E+02  1.6825311E+02  2.3324214E+02  3.1823315E+02  4.2665604E+02  0.0000000E+00
  0.0000000E+00  2.2029358E+01  4.6088116E+01  7.4370682E+01  1.0942612E+02  1.5442729E+02  2.1366074E+02  2.9352344E+02  4.0401111E+02  0.0000000E+00
  0.0000000E+00  1.8395935E+01  3.8395657E+01  6.1704086E+01  9.0245445E+01  1.2636919E+02  1.7345007E+02  2.3818867E+02  3.4030893E+02  0.0000000E+00
  0.0000000E+00  1.3158720E+01  2.7394501E+01  4.3804565E+01  6.3482372E+01  8.7353951E+01  1.1558171E+02  1.4547224E+02  1.6348045E+02  0.0000000E+00
  0.0000000E+00  6.8444452E+00  1.4219060E+01  2.2637293E+01  3.2525547E+01  4.3982521E+01  5.6050587E+01  6.4638115E+01  5.7029644E+01  0.0000000E+00
  0.0000000E+00  0.0000000E+00  0.0000000E+00  0.0000000E+00  0.0000000E+00  0.0000000E+00  0.0000000E+00  0.0000000E+00  0.0000000E+00  0.0000000E+00
