  1.8572874E+02  1.7789554E+02  1.6128444E+02  1.3381178E+02  9.1762413E+01  2.8676504E+01 -6.7331932E+01 -2.2081374E+02 -4.9101373E+02  0.0000000E+00
  1.9356194E+02  1.8667343E+02  1.7214600E+02  1.4838853E+02  1.1279894E+02  6.1599033E+01 -9.8585663E+00 -1.0409556E+02 -2.0565839E+02  0.0000000E+00
  2.0828365E+02  2.0309027E+02  1.9223753E+02  1.7479738E+02  1.4944579E+02  1.1477926E+02  7.0394188E+01  1.9948492E+01 -2.1865654E+01  0.0000000E+00
  2.2819873E+02  2.2516643E+02  2.1891655E+02  2.0911769E+02  1.9540758E+02  1.7767802E+02  1.5670757E+02  1.3536099E+02  1.2011294E+02  0.0000000E+00
  2.5114613E+02  2.5046014E+02  2.4914455E+02  2.4734924E+02  2.4538884E+02  2.4381766E+02  2.4339708E+02  2.4467497E+02  2.4684396E+02  0.0000000E+00
  2.7477954E+02  2.7638354E+02  2.7985217E+02  2.8574591E+02  2.9498087E+02  3.0880670E+02  3.2838809E+02  3.5309787E+02  3.7574280E+02  0.0000000E+00
  2.9680887E+02  3.0044232E+02  3.0813477E+02  3.2080136E+02  3.3998203E+02  3.6804010E+02  4.0825079E+02  4.6358554E+02  5.2728772E+02  0.0000000E+00
  3.1520480E+02  3.2044202E+02  3.3144318E+02  3.4934271E+02  3.7610577E+02  4.1512103E+02  4.7298938E+02  5.6570575E+02  7.4253430E+02  0.0000000E+00
  3.2836353E+02  3.3467783E+02  3.4785324E+02  3.6902051E+02  3.9997736E+02  4.4334875E+02  5.0287991E+02  5.8371399E+02  6.9016486E+02  0.0000000E+00
  3.3520798E+02  3.4205243E+02  3.5627148E+02  3.7890878E+02  4.1143433E+02  4.5541687E+02  5.1146747E+02  5.7610553E+02  6.3313519E+02  0.0000000E+00
